9 0 0
85 0 0
236 0 0
463 0 0
766 0 0
1145 0 0
1599 0 0
2102 0 0
2505 0 0
3009 0 0
3513 0 0
4017 0 0
4520 0 0
5024 2 0.964288
5528 12 3.94481
6029 56 5.96105
6530 115 7.97729
6928 174 9.90587
7422 276 15.9546
7898 438 24.8962
8334 688 36.8183
8707 1026 49.7923
8999 1435 59.7859
9242 1876 61.8021
9468 2327 64.7826
9673 2787 66.7989
9822 3161 68.8151
9990 3636 71.7956
10135 4118 73.7242
10264 4605 75.7404
10372 5097 78.721
10457 5594 80.7372
10521 6093 84.7697
10560 6596 86.6983
10582 7099 88.7145
10582 7603 91.695
10565 8005 93.7113
10524 8507 95.7275
10462 9007 98.708
10377 9504 100.724
10274 9997 102.653
10151 10485 105.721
10006 10968 107.65
9841 11443 110.63
9653 11911 112.646
9489 12279 114.663
9265 12730 117.643
9020 13170 120.624
8753 13597 122.64
8471 14015 125.62
8171 14419 127.637
7853 14810 130.617
7518 15186 132.633
7167 15548 134.562
6804 15896 137.63
6502 16163 139.559
6113 16483 141.575
5711 16786 143.591
5296 17073 146.572
4870 17340 148.588
4423 17573 154.549
3961 17773 157.53
3491 17954 159.546
3014 18116 161.562
2628 18231 163.491
2140 18358 165.507
1648 18465 168.487
1152 18550 170.504
652 18616 172.52
151 18663 176.465
-353 18686 178.481
-856 18688 -178.481
-1360 18672 -175.5
-1862 18633 -173.484
-2263 18591 -171.468
-2761 18517 -169.539
-3256 18424 -167.523
-3747 18311 -164.543
-4232 18176 -162.526
-4711 18019 -160.51
-5184 17846 -157.53
-5648 17651 -155.513
-6106 17440 -153.585
-6465 17258 -151.569
-6907 17016 -149.552
-7338 16755 -146.572
-7757 16475 -144.556
-8165 16180 -142.627
-8562 15870 -140.611
-8946 15544 -137.63
-9317 15204 -135.614
-9673 14847 -133.598
-10015 14477 -131.581
-10278 14172 -129.653
-10594 13780 -127.637
-10894 13375 -124.656
-11177 12958 -122.64
-11442 12530 -120.624
-11692 12093 -119.659
-11933 11650 -117.643
